2.000000000000000000e+00
3.989909645040413899e+00
5.989021437095601641e+00
7.985307665643549768e+00
9.975217310683962779e+00
1.195322494171601946e+01
1.391155595635591524e+01
1.584009412276583362e+01
1.772655274996788322e+01
1.955697302253888381e+01
2.131656197640441519e+01
2.299080176303368361e+01
2.456667378601735408e+01
2.603378292103252889e+01
2.738517122054443576e+01
2.861768373006775334e+01
2.973186339311506998e+01
3.073146065911821267e+01
3.162270804652291645e+01
3.241351904207706269e+01
3.311273799394351158e+01
3.372951730017268801e+01
3.427285077437147010e+01
3.475125823973083783e+01
3.517259788367352513e+01
3.554397647192760701e+01
3.587172860061652102e+01
3.616144085514159912e+01
3.641800244902222516e+01
3.664566922956789341e+01
3.684813228174513000e+01
3.702858563323733421e+01
3.718978988337752867e+01
3.733413014288227316e+01
3.746366767678712506e+01
3.758018525557172751e+01
3.768522656689845007e+01
3.778013021543885230e+01
3.786605890552341691e+01
3.794402440431554879e+01
3.801490885030698053e+01
3.807948292119146316e+01
3.813842131765596122e+01
3.819231596182481780e+01
3.824168725457008122e+01
3.828699368640484124e+01
3.832864005284763920e+01
3.836698448698795971e+01
3.840234448915225585e+01
3.843500210555838237e+01
3.846520838408717680e+01
3.849318721523026454e+01
3.851913864936776832e+01
3.854324176731456220e+01
3.856565716913309672e+01
3.858652913618455216e+01
3.860598751297087716e+01
3.862414934824690249e+01
3.864112032893529403e+01
3.865699603537237294e+01
3.867186304219637805e+01
3.868579988563249117e+01
3.869887791492333662e+01
3.871116204311073972e+01
3.872271141021917629e+01
3.873357997006181108e+01
3.874381701033423298e+01
3.875346761433595333e+01
