-0.0399592 -0.00212309
-0.0361366 -0.00261875
-0.0319317 -0.00232962
-0.0281091 -0.00242255
-0.0240316 -0.00143123
-0.0200815 -0.00153449
-0.0160041 -0.00143123
-0.0100153 -0.000718711
-0.0082314 -0.000315985
-0.00721203 5.57621e-005
-0.00606524 3.51095e-005
-0.00504587 0.000334572
-0.0040265 0.000375878
-0.00300714 0.000572078
-0.00198777 0.000468815
-0.0009684 0.000530772
0.000942915 0.000613383
0.00196228 0.000272615
0.00285423 0.000365551
0.0038736 0.000437836
0.00489297 0.000148699
0.00591233 0.000241636
0.0069317 0.000220983
0.00795107 5.57621e-005
0.00884302 1.44568e-005
0.00909786 -5.78273e-005
0.00998981 -0.000140438
0.0111366 -4.7501e-005
0.012156 -0.000346964
0.0129205 -0.000130112
0.0139399 -0.000326311
0.0149592 -0.000171417
0.0180173 -0.000233375
0.020948 -7.848e-005
0.0237513 2.47831e-005
