-0.0400866 -0.00224701
-0.0372834 -0.00231929
-0.0349898 -0.00237092
-0.0324414 -0.00239157
-0.0301478 -0.00235027
-0.0273445 -0.00223668
-0.0249235 -0.00207146
-0.0222477 -0.00182363
-0.0199541 -0.00155514
-0.0176606 -0.00125568
-0.0148573 -0.000894259
-0.0128186 -0.000625774
-0.0100153 -0.000285006
-0.00733945 -6.19579e-006
-0.00453619 0.00020033
-0.00249745 0.000303594
5.09684e-005 0.000365551
0.00272681 0.000344899
0.00514781 0.000272615
0.00769623 0.000128046
0.00986239 -1.65221e-005
0.0124108 -0.000171417
0.0148318 -0.000305659
0.0172528 -0.000377943
0.0198012 -0.000326311
0.0223496 -0.000109459
0.0240061 0.000159025
