-0.00485417 0.00514488
-0.00445833 0.00408481
-0.00414583 0.00319435
-0.00385417 0.00226148
-0.00358333 0.00137102
-0.00327083 0.00039576
-0.00302083 -0.000621908
-0.0028125 -0.00146996
-0.00252083 -0.00240283
-0.00216667 -0.00325088
-0.00172917 -0.00405654
-0.00110417 -0.00477739
-0.0005625 -0.00511661
4.16667e-005 -0.00524382
0.000645833 -0.0050742
0.00122917 -0.00460777
0.00170833 -0.00401413
0.00222917 -0.00308127
0.00266667 -0.0020212
0.003 -0.000961131
0.00329167 0.000141343
0.003625 0.00132862
0.00397917 0.0025583
0.00433333 0.00357597
0.00472917 0.00472085
0.00497917 0.00535689
