-0.00486 0.0109604
-0.00456 0.00972117
-0.00426 0.00844062
-0.00396 0.00703614
-0.0037 0.0057969
-0.00338 0.00439243
-0.00312 0.00331842
-0.00286 0.0022031
-0.0026 0.0012117
-0.00236 0.000344234
-0.00202 -0.000729776
-0.00174 -0.00159725
-0.00132 -0.00267126
-0.0009 -0.00345611
-0.0005 -0.00403442
-4e-005 -0.00424096
0.00054 -0.0039105
0.00112 -0.00296041
0.00158 -0.00184509
0.00198 -0.00064716
0.00236 0.000550775
0.00278 0.00203787
0.00312 0.00331842
0.00342 0.00468158
0.00372 0.00592083
0.00402 0.00720138
0.00432 0.00839931
0.00458 0.00955594
0.00496 0.0109604
